           1
   0.0000000000000000        0.0000000000000000        0.0000000000000000
   0.0000000000000000        2350.0000000000000        0.0000000000000000
  -0.0000000000000000        2424.9986499590973       0.45000479199363852
   1.0000000000000000        0.0000000000000000        0.0000000000000000
  -0.0000000000000000       0.99999549985353153        3.0000454472681815E-003
  -0.0000000000000000       -3.0000891584614727E-003  0.99999549972239443
  -0.0000000000000000       0.99998199945462862        6.0000638932485133E-003
  -0.0000000000000000       -6.0001076038516806E-003  0.99998199919235653
           2
  -0.0000000000000000        2424.9986499590973       0.45000479199363852     
  -0.0000000000000000        2499.9972999181946       0.90000958398727704     
  -2.1902569290352739E-008   2649.9972999575343       0.90000958422332467     
 -0.99999999999999967       -1.4601819234048465E-010   2.4335490883756709E-008
  -7.3008892851887136E-011  0.99999549998466530        3.0000454480550104E-003
  -2.4335819431696498E-008   3.0000454464813404E-003 -0.99999549972239543     
  -1.4601712860235160E-010   1.0000000002622662        1.5736509317854086E-012
  -2.4335490883756709E-008  -1.5736622074880025E-012 -0.99999999973773124     
