           1
   0.0000000000000000        0.0000000000000000        0.0000000000000000
   0.0000000000000000        2350.0000000000000        0.0000000000000000
  -0.0000000000000000        2424.9986499590973       0.45000479199363852
   1.0000000000000000        0.0000000000000000        0.0000000000000000
  -0.0000000000000000       0.99999549985353153        3.0000454472681815E-003
  -0.0000000000000000       -3.0000891584614727E-003  0.99999549972239443
  -0.0000000000000000       0.99998199945462862        6.0000638932485133E-003
  -0.0000000000000000       -6.0001076038516806E-003  0.99998199919235653
           2
  -0.0000000000000000        2424.9986499590973       0.45000479199363852
  -0.0000000000000000        2499.9972999181946       0.90000958398727704
  -2.1902569290352739E-008   2649.9972999575343       0.90000958422332467
 -0.99999999999999967       -1.4601819234048465E-010   2.4335490883756709E-008
  -7.3008892851887136E-011  0.99999549998466530        3.0000454480550104E-003
  -2.4335819431696498E-008   3.0000454464813404E-003 -0.99999549972239543
  -1.4601712860235160E-010   1.0000000002622662        1.5736509317854086E-012
  -2.4335490883756709E-008  -1.5736622074880025E-012 -0.99999999973773124
           3
  -2.1902569290352739E-008   2649.9972999575343       0.90000958422332467
  -4.3805138580705478E-008   2799.9972999968741       0.90000958445937229
   6.3264670908589265E-008   2804.4807475159114        3.1133099147524925
  0.99999999999999878        1.4601819230218807E-010  -4.8671419827506711E-008
   1.0919742832824388E-008  0.97382993952645269       0.22727791215523147
   4.7430871811873687E-008 -0.22727795483884200       0.97382992908029420
   2.1413961897858947E-008  0.89668950380744494       0.44266006605862407
   4.3707786304749439E-008 -0.44266010548353724       0.89668948398641835
           4
   6.3264670908589265E-008   2804.4807475159114        3.1133099147524925
   1.7033448039788400E-007   2808.9641950349487        5.3266102450456128
   1.1574167722932371E-007   2813.9641951230115        5.3266102878792685
 -0.99999999999999734       -1.0918563068407737E-008   7.0493191400131204E-008
   5.3887236721705678E-009  0.97382994963189184       0.22727791142336998
  -7.1129927882323201E-008  0.22727790274418785      -0.97382993130380191
  -1.0918560633712059E-008   1.0000000176125683        8.5667312132997608E-009
  -7.0493190566539279E-008  -8.5667314353443658E-009 -0.99999998238742516
           5
   1.1574167722932371E-007   2813.9641951230115        5.3266102878792685
   6.1148874060763424E-008   2818.9641952110742        5.3266103307129242
  -1.4382652151579364E-007   2823.4476427889363        3.1133100772367852
 -0.99999999999999734       -1.0918563068407737E-008   7.0493191400131204E-008
  -2.6654366416069028E-008  0.97382995447530973      -0.22727789986781854
  -6.6166830658106343E-008 -0.22727796712625511      -0.97382991413143460
  -4.0995079115311412E-008  0.89668951557243226      -0.44266005069522785
  -5.8377291489698477E-008 -0.44266012084693285      -0.89668947222142892
           6
  -1.4382652151579364E-007   2823.4476427889363        3.1133100772367852     
  -3.4880191709235070E-007   2827.9310903667983       0.90000982376064620     
  -3.4953200462976582E-007   2832.9310905416128       0.90000982376851435     
  0.99999999999999556        1.4601781841968187E-010  -9.2314962686443743E-008
  -2.1123347351257123E-008  0.97382996458074944      -0.22727789913595717     
   8.9865887353482075E-008  0.22727791503160033       0.97382991635494132     
  -1.4601750748302728E-010   1.0000000349628706        1.5736301151036969E-012
   9.2314961015344777E-008   1.5734635816500031E-012  0.99999996503711985     
