   440740065.47398001        441045142.88514793        1013.5462165047447        6.2050000000000001     
         302
   5.9600706550569698E-005
   5.9600429586802808E-005
   5.9600152624953208E-005
   5.9599875665020898E-005
   5.9599598707005816E-005
   5.9599321750907963E-005
   5.9599044796727325E-005
   5.9598767844463902E-005
   5.9598490894117640E-005
   5.9598213945688532E-005
   5.9597936999176571E-005
   5.9597660054581757E-005
   5.9597383111904030E-005
   5.9597106171143389E-005
   5.9596829232299827E-005
   5.9596552295373338E-005
   5.9596275360363861E-005
   5.9595998427271409E-005
   5.9595721496095955E-005
   5.9595444566837507E-005
   5.9595167639496009E-005
   5.9594890714071455E-005
   5.9594613790563831E-005
   5.9594336868973145E-005
   5.9594059949299328E-005
   5.9593783031542394E-005
   5.9593506115702316E-005
   5.9593229201779087E-005
   5.9592952289772701E-005
   5.9592675379683103E-005
   5.9592398471510292E-005
   5.9592121565254250E-005
   5.9591844660914995E-005
   5.9591567758492448E-005
   5.9591290857986621E-005
   5.9591013959397493E-005
   5.9590737062725073E-005
   5.9590460167969299E-005
   5.9590183275130170E-005
   5.9589906384207673E-005
   5.9589629495201809E-005
   5.9589352608112523E-005
   5.9589075722939815E-005
   5.9588798839683665E-005
   5.9588521958344079E-005
   5.9588245078920997E-005
   5.9587968201414418E-005
   5.9587691325824336E-005
   5.9587414452150744E-005
   5.9587137580393581E-005
   5.9586860710552860E-005
   5.9586583842628555E-005
   5.9586306976620652E-005
   5.9586030112529158E-005
   5.9585753250354004E-005
   5.9585476390095198E-005
   5.9585199531752726E-005
   5.9584922675326588E-005
   5.9584645820816724E-005
   5.9584368968223132E-005
   5.9584092117545807E-005
   5.9583815268784742E-005
   5.9583538421939881E-005
   5.9583261577011226E-005
   5.9582984733998763E-005
   5.9582707892902492E-005
   5.9582431053722352E-005
   5.9582154216458356E-005
   5.9581877381110470E-005
   5.9581600547678709E-005
   5.9581323716163011E-005
   5.9581046886563382E-005
   5.9580770058879796E-005
   5.9580493233112267E-005
   5.9580216409260726E-005
   5.9579939587325180E-005
   5.9579662767305609E-005
   5.9579385949202000E-005
   5.9579109133014359E-005
   5.9578832318742618E-005
   5.9578555506386785E-005
   5.9578278695946838E-005
   5.9578001887422786E-005
   5.9577725080814565E-005
   5.9577448276122185E-005
   5.9577171473345623E-005
   5.9576894672484880E-005
   5.9576617873539903E-005
   5.9576341076510690E-005
   5.9576064281397222E-005
   5.9575787488199512E-005
   5.9575510696917492E-005
   5.9575233907551163E-005
   5.9574957120100511E-005
   5.9574680334565549E-005
   5.9574403550946202E-005
   5.9574126769242479E-005
   5.9573849989454357E-005
   5.9573573211581859E-005
   5.9573296435624901E-005
   5.9573019661583505E-005
   5.9572742889457637E-005
   5.9572466119247290E-005
   5.9572189350952471E-005
   5.9571912584573111E-005
   5.9571635820109212E-005
   5.9571359057560766E-005
   5.9571082296927773E-005
   5.9570805538210172E-005
   5.9570528781407963E-005
   5.9570252026521133E-005
   5.9569975273549682E-005
   5.9569698522493555E-005
   5.9569421773352753E-005
   5.9569145026127255E-005
   5.9568868280817074E-005
   5.9568591537422137E-005
   5.9568314795942449E-005
   5.9568038056378005E-005
   5.9567761318728804E-005
   5.9567484582994778E-005
   5.9567207849175934E-005
   5.9566931117272259E-005
   5.9566654387283759E-005
   5.9566377659210360E-005
   5.9566100933052076E-005
   5.9565824208808886E-005
   5.9565547486480769E-005
   5.9565270766067746E-005
   5.9564994047569736E-005
   5.9564717330986753E-005
   5.9564440616318775E-005
   5.9564163903565810E-005
   5.9563887192727797E-005
   5.9563610483804729E-005
   5.9563333776796606E-005
   5.9563057071703421E-005
   5.9562780368525120E-005
   5.9562503667261696E-005
   5.9562226967913143E-005
   5.9561950270479460E-005
   5.9561673574960580E-005
   5.9561396881356516E-005
   5.9561120189667248E-005
   5.9560843499892782E-005
   5.9560566812033052E-005
   5.9560290126088063E-005
   5.9560013442057802E-005
   5.9559736759942270E-005
   5.9559460079741405E-005
   5.9559183401455207E-005
   5.9558906725083669E-005
   5.9558630050626764E-005
   5.9558353378084507E-005
   5.9558076707456821E-005
   5.9557800038743722E-005
   5.9557523371945194E-005
   5.9557246707061233E-005
   5.9556970044091775E-005
   5.9556693383036836E-005
   5.9556416723896395E-005
   5.9556140066670451E-005
   5.9555863411358944E-005
   5.9555586757961881E-005
   5.9555310106479241E-005
   5.9555033456911037E-005
   5.9554756809257196E-005
   5.9554480163517724E-005
   5.9554203519692614E-005
   5.9553926877781860E-005
   5.9553650237785400E-005
   5.9553373599703241E-005
   5.9553096963535370E-005
   5.9552820329281786E-005
   5.9552543696942430E-005
   5.9552267066517306E-005
   5.9551990438006389E-005
   5.9551713811409672E-005
   5.9551437186727161E-005
   5.9551160563958782E-005
   5.9550883943104548E-005
   5.9550607324164440E-005
   5.9550330707138463E-005
   5.9550054092026550E-005
   5.9549777478828708E-005
   5.9549500867544924E-005
   5.9549224258175203E-005
   5.9548947650719472E-005
   5.9548671045177744E-005
   5.9548394441550006E-005
   5.9548117839836250E-005
   5.9547841240036423E-005
   5.9547564642150531E-005
   5.9547288046178548E-005
   5.9547011452120493E-005
   5.9546734859976285E-005
   5.9546458269745938E-005
   5.9546181681429438E-005
   5.9545905095026785E-005
   5.9545628510537919E-005
   5.9545351927962839E-005
   5.9545075347301532E-005
   5.9544798768553983E-005
   5.9544522191720194E-005
   5.9544245616800103E-005
   5.9543969043793710E-005
   5.9543692472701002E-005
   5.9543415903521992E-005
   5.9543139336256606E-005
   5.9542862770904843E-005
   5.9542586207466704E-005
   5.9542309645942181E-005
   5.9542033086331208E-005
   5.9541756528633804E-005
   5.9541479972849942E-005
   5.9541203418979630E-005
   5.9540926867022798E-005
   5.9540650316979462E-005
   5.9540373768849600E-005
   5.9540097222633213E-005
   5.9539820678330239E-005
   5.9539544135940692E-005
   5.9539267595464546E-005
   5.9538991056901806E-005
   5.9538714520252411E-005
   5.9538437985516363E-005
   5.9538161452693647E-005
   5.9537884921784249E-005
   5.9537608392788171E-005
   5.9537331865705350E-005
   5.9537055340535786E-005
   5.9536778817279474E-005
   5.9536502295936405E-005
   5.9536225776506520E-005
   5.9535949258989832E-005
   5.9535672743386313E-005
   5.9535396229695977E-005
   5.9535119717918757E-005
   5.9534843208054652E-005
   5.9534566700103656E-005
   5.9534290194065768E-005
   5.9534013689940921E-005
   5.9533737187729129E-005
   5.9533460687430363E-005
   5.9533184189044646E-005
   5.9532907692571895E-005
   5.9532631198012123E-005
   5.9532354705365318E-005
   5.9532078214631480E-005
   5.9531801725810539E-005
   5.9531525238902511E-005
   5.9531248753907375E-005
   5.9530972270825117E-005
   5.9530695789655737E-005
   5.9530419310399175E-005
   5.9530142833055429E-005
   5.9529866357624487E-005
   5.9529589884106356E-005
   5.9529313412500968E-005
   5.9529036942808335E-005
   5.9528760475028432E-005
   5.9528484009161272E-005
   5.9528207545206779E-005
   5.9527931083164976E-005
   5.9527654623035826E-005
   5.9527378164819352E-005
   5.9527101708515478E-005
   5.9526825254124218E-005
   5.9526548801645545E-005
   5.9526272351079473E-005
   5.9525995902425933E-005
   5.9525719455684939E-005
   5.9525443010856457E-005
   5.9525166567940508E-005
   5.9524890126937024E-005
   5.9524613687846005E-005
   5.9524337250667437E-005
   5.9524060815401307E-005
   5.9523784382047615E-005
   5.9523507950606299E-005
   5.9523231521077360E-005
   5.9522955093460785E-005
   5.9522678667756586E-005
   5.9522402243964683E-005
   5.9522125822085095E-005
   5.9521849402117796E-005
   5.9521572984062800E-005
   5.9521296567920037E-005
   5.9521020153689517E-005
   5.9520743741371217E-005
   5.9520467330965144E-005
   5.9520190922471232E-005
   5.9519914515889493E-005
   5.9519638111219908E-005
   5.9519361708462482E-005
   5.9519085307617148E-005
   5.9518808908683907E-005
   5.9518532511662751E-005
   5.9518256116553687E-005
   5.9517979723356641E-005
   5.9517703332071626E-005
   5.9517426942698622E-005
      4.2113775507062189E-006
      4.2113412000850262E-006
      4.2113048497536627E-006
      4.2112684997121302E-006
      4.2112321499604185E-006
      4.2111958004985285E-006
      4.2111594513264575E-006
      4.2111231024442056E-006
      4.2110867538517627E-006
      4.2110504055491304E-006
      4.2110140575363053E-006
      4.2109777098132884E-006
      4.2109413623800701E-006
      4.2109050152366499E-006
      4.2108686683830258E-006
      4.2108323218191980E-006
      4.2107959755451579E-006
      4.2107596295609039E-006
      4.2107232838664360E-006
      4.2106869384617516E-006
      4.2106505933468439E-006
      4.2106142485217121E-006
      4.2105779039863529E-006
      4.2105415597407678E-006
      4.2105052157849468E-006
      4.2104688721188899E-006
      4.2104325287425953E-006
      4.2103961856560596E-006
      4.2103598428592838E-006
      4.2103235003522576E-006
      4.2102871581349819E-006
      4.2102508162074532E-006
      4.2102144745696734E-006
      4.2101781332216314E-006
      4.2101417921633288E-006
      4.2101054513947624E-006
      4.2100691109159328E-006
      4.2100327707268309E-006
      4.2099964308274558E-006
      4.2099600912178057E-006
      4.2099237518978808E-006
      4.2098874128676724E-006
      4.2098510741271798E-006
      4.2098147356764004E-006
      4.2097783975153351E-006
      4.2097420596439745E-006
      4.2097057220623187E-006
      4.2096693847703650E-006
      4.2096330477681136E-006
      4.2095967110555551E-006
      4.2095603746326912E-006
      4.2095240384995168E-006
      4.2094877026560310E-006
      4.2094513671022330E-006
      4.2094150318381144E-006
      4.2093786968636751E-006
      4.2093423621789118E-006
      4.2093060277838253E-006
      4.2092696936784071E-006
      4.2092333598626563E-006
      4.2091970263365705E-006
      4.2091606931001505E-006
      4.2091243601533862E-006
      4.2090880274962791E-006
      4.2090516951288251E-006
      4.2090153630510259E-006
      4.2089790312628713E-006
      4.2089426997643613E-006
      4.2089063685554942E-006
      4.2088700376362701E-006
      4.2088337070066795E-006
      4.2087973766667217E-006
      4.2087610466163958E-006
      4.2087247168557010E-006
      4.2086883873846279E-006
      4.2086520582031782E-006
      4.2086157293113469E-006
      4.2085794007091331E-006
      4.2085430723965368E-006
      4.2085067443735478E-006
      4.2084704166401670E-006
      4.2084340891963919E-006
      4.2083977620422224E-006
      4.2083614351776493E-006
      4.2083251086026733E-006
      4.2082887823172911E-006
      4.2082524563215027E-006
      4.2082161306153005E-006
      4.2081798051986836E-006
      4.2081434800716486E-006
      4.2081071552341972E-006
      4.2080708306863193E-006
      4.2080345064280157E-006
      4.2079981824592839E-006
      4.2079618587801230E-006
      4.2079255353905245E-006
      4.2078892122904893E-006
      4.2078528894800132E-006
      4.2078165669590979E-006
      4.2077802447277340E-006
      4.2077439227859206E-006
      4.2077076011336562E-006
      4.2076712797709381E-006
      4.2076349586977655E-006
      4.2075986379141292E-006
      4.2075623174200307E-006
      4.2075259972154667E-006
      4.2074896773004372E-006
      4.2074533576749328E-006
      4.2074170383389537E-006
      4.2073807192924989E-006
      4.2073444005355667E-006
      4.2073080820681487E-006
      4.2072717638902449E-006
      4.2072354460018526E-006
      4.2071991284029729E-006
      4.2071628110935955E-006
      4.2071264940737212E-006
      4.2070901773433475E-006
      4.2070538609024736E-006
      4.2070175447510919E-006
      4.2069812288892014E-006
      4.2069449133167997E-006
      4.2069085980338876E-006
      4.2068722830404550E-006
      4.2068359683365026E-006
      4.2067996539220280E-006
      4.2067633397970286E-006
      4.2067270259615035E-006
      4.2066907124154443E-006
      4.2066543991588519E-006
      4.2066180861917219E-006
      4.2065817735140562E-006
      4.2065454611258445E-006
      4.2065091490270876E-006
      4.2064728372177822E-006
      4.2064365256979301E-006
      4.2064002144675201E-006
      4.2063639035265539E-006
      4.2063275928750282E-006
      4.2062912825129439E-006
      4.2062549724402907E-006
      4.2062186626570695E-006
      4.2061823531632778E-006
      4.2061460439589155E-006
      4.2061097350439734E-006
      4.2060734264184523E-006
      4.2060371180823488E-006
      4.2060008100356629E-006
      4.2059645022783869E-006
      4.2059281948105201E-006
      4.2058918876320591E-006
      4.2058555807430021E-006
      4.2058192741433492E-006
      4.2057829678330910E-006
      4.2057466618122284E-006
      4.2057103560807571E-006
      4.2056740506386797E-006
      4.2056377454859843E-006
      4.2056014406226736E-006
      4.2055651360487431E-006
      4.2055288317641947E-006
      4.2054925277690173E-006
      4.2054562240632135E-006
      4.2054199206467781E-006
      4.2053836175197129E-006
      4.2053473146820086E-006
      4.2053110121336651E-006
      4.2052747098746799E-006
      4.2052384079050539E-006
      4.2052021062247769E-006
      4.2051658048338489E-006
      4.2051295037322682E-006
      4.2050932029200348E-006
      4.2050569023971385E-006
      4.2050206021635811E-006
      4.2049843022193599E-006
      4.2049480025644700E-006
      4.2049117031989138E-006
      4.2048754041226812E-006
      4.2048391053357730E-006
      4.2048028068381859E-006
      4.2047665086299206E-006
      4.2047302107109671E-006
      4.2046939130813270E-006
      4.2046576157409961E-006
      4.2046213186899761E-006
      4.2045850219282568E-006
      4.2045487254558390E-006
      4.2045124292727194E-006
      4.2044761333788997E-006
      4.2044398377743689E-006
      4.2044035424591286E-006
      4.2043672474331746E-006
      4.2043309526965086E-006
      4.2042946582491213E-006
      4.2042583640910127E-006
      4.2042220702221794E-006
      4.2041857766426223E-006
      4.2041494833523328E-006
      4.2041131903513102E-006
      4.2040768976395519E-006
      4.2040406052170553E-006
      4.2040043130838213E-006
      4.2039680212398398E-006
      4.2039317296851115E-006
      4.2038954384196331E-006
      4.2038591474434055E-006
      4.2038228567564193E-006
      4.2037865663586745E-006
      4.2037502762501694E-006
      4.2037139864309032E-006
      4.2036776969008666E-006
      4.2036414076600613E-006
      4.2036051187084829E-006
      4.2035688300461333E-006
      4.2035325416730014E-006
      4.2034962535890889E-006
      4.2034599657943932E-006
      4.2034236782889136E-006
      4.2033873910726415E-006
      4.2033511041455769E-006
      4.2033148175077165E-006
      4.2032785311590628E-006
      4.2032422450996040E-006
      4.2032059593293425E-006
      4.2031696738482733E-006
      4.2031333886563955E-006
      4.2030971037537092E-006
      4.2030608191402042E-006
      4.2030245348158813E-006
      4.2029882507807371E-006
      4.2029519670347734E-006
      4.2029156835779808E-006
      4.2028794004103577E-006
      4.2028431175319031E-006
      4.2028068349426171E-006
      4.2027705526424903E-006
      4.2027342706315228E-006
      4.2026979889097112E-006
      4.2026617074770571E-006
      4.2026254263335513E-006
      4.2025891454791929E-006
      4.2025528649139802E-006
      4.2025165846379132E-006
      4.2024803046509826E-006
      4.2024440249531884E-006
      4.2024077455445281E-006
      4.2023714664250024E-006
      4.2023351875946013E-006
      4.2022989090533264E-006
      4.2022626308011735E-006
      4.2022263528381400E-006
      4.2021900751642277E-006
      4.2021537977794255E-006
      4.2021175206837343E-006
      4.2020812438771524E-006
      4.2020449673596789E-006
      4.2020086911313045E-006
      4.2019724151920302E-006
      4.2019361395418532E-006
      4.2018998641807737E-006
      4.2018635891087814E-006
      4.2018273143258789E-006
      4.2017910398320612E-006
      4.2017547656273298E-006
      4.2017184917116756E-006
      4.2016822180850985E-006
      4.2016459447475950E-006
      4.2016096716991670E-006
      4.2015733989398042E-006
      4.2015371264695075E-006
      4.2015008542882735E-006
      4.2014645823961031E-006
      4.2014283107929869E-006
      4.2013920394789249E-006
      4.2013557684539146E-006
      4.2013194977179534E-006
      4.2012832272710414E-006
      4.2012469571131692E-006
      4.2012106872443368E-006
      4.2011744176645426E-006
      4.2011381483737857E-006
      4.2011018793720584E-006
      4.2010656106593591E-006
      4.2010293422356861E-006
      4.2009930741010393E-006
      4.2009568062554104E-006
      4.2009205386987993E-006
      4.2008842714312026E-006
      4.2008480044526211E-006
      4.2008117377630456E-006
      4.2007754713624760E-006
      4.2007392052509099E-006
      4.2007029394283480E-006
      4.2006666738947810E-006
      4.2006304086502082E-006
      4.2005941436946277E-006
      4.2005578790280396E-006
      4.2005216146504346E-006
      4.2004853505618135E-006
      4.2004490867621738E-006
