           0   1759165818.4267864        3.1355546709527062E-008
          14          14   1.0000000000000000     
 (  3.9999999999999538     ,  5.2453668002237065E-007)
 (  3.9999999999999538     , -5.2453668002237065E-007)
 (  1.0490733600447320E-006, -3.9999999999998508     )
 (  1.0490733600447320E-006,  3.9999999999998508     )
   15.237418594155949       -36.476907966728390        43.909625101399278     
   15.237418594155949       -36.476907966728390        43.909625101399278     
         603
   8696.9899999999998       0.23105628391982869       0.27993390557001080     
  0.23105628391982869       0.27993390557001080     
   8697.0000000000000       0.23105598534460725       0.27993327439705490     
  0.23105598534460725       0.27993327439705490     
   8697.0100000000002       0.23105568676938582       0.27993264322409905     
  0.23105568676938582       0.27993264322409905     
   8697.0200000000004       0.23105538819416438       0.27993201205114315     
  0.23105538819416438       0.27993201205114315     
   8697.0300000000007       0.23105508961894294       0.27993138087818731     
  0.23105508961894294       0.27993138087818731     
   8697.0399999999991       0.23105479104372151       0.27993074970523152     
  0.23105479104372151       0.27993074970523152     
   8697.0499999999993       0.23105449246850007       0.27993011853227567     
  0.23105449246850007       0.27993011853227567     
   8697.0599999999995       0.23105419389327864       0.27992948735931977     
  0.23105419389327864       0.27992948735931977     
   8697.0699999999997       0.23105389531805720       0.27992885618636393     
  0.23105389531805720       0.27992885618636393     
   8697.0799999999999       0.23105359674283577       0.27992822501340803     
  0.23105359674283577       0.27992822501340803     
   8697.0900000000001       0.23105329816761433       0.27992759384045213     
  0.23105329816761433       0.27992759384045213     
   8697.1000000000004       0.23105299959239112       0.27992696266749628     
  0.23105299959239112       0.27992696266749628     
   8697.1100000000006       0.23105270101716968       0.27992633149454038     
  0.23105270101716968       0.27992633149454038     
   8697.1199999999990       0.23105240244194825       0.27992570032158465     
  0.23105240244194825       0.27992570032158465     
   8697.1299999999992       0.23105210386672681       0.27992506914862875     
  0.23105210386672681       0.27992506914862875     
   8697.1399999999994       0.23105180529150537       0.27992443797567290     
  0.23105180529150537       0.27992443797567290     
   8697.1499999999996       0.23105150671628394       0.27992380680271700     
  0.23105150671628394       0.27992380680271700     
   8697.1599999999999       0.23105120814106250       0.27992317562976116     
  0.23105120814106250       0.27992317562976116     
   8697.1700000000001       0.23105090956584107       0.27992254445680526     
  0.23105090956584107       0.27992254445680526     
   8697.1800000000003       0.23105061099061963       0.27992191328384941     
  0.23105061099061963       0.27992191328384941     
   8697.1900000000005       0.23105031241539820       0.27992128211089351     
  0.23105031241539820       0.27992128211089351     
   8697.1999999999989       0.23105001384017676       0.27992065093793778     
  0.23105001384017676       0.27992065093793778     
   8697.2099999999991       0.23104971526495355       0.27992001976498188     
  0.23104971526495355       0.27992001976498188     
   8697.2199999999993       0.23104941668973211       0.27991938859202598     
  0.23104941668973211       0.27991938859202598     
   8697.2299999999996       0.23104911811451068       0.27991875741907013     
  0.23104911811451068       0.27991875741907013     
   8697.2399999999998       0.23104881953928924       0.27991812624611423     
  0.23104881953928924       0.27991812624611423     
   8697.2500000000000       0.23104852096406781       0.27991749507315838     
  0.23104852096406781       0.27991749507315838     
   8697.2600000000002       0.23104822238884637       0.27991686390020248     
  0.23104822238884637       0.27991686390020248     
   8697.2700000000004       0.23104792381362493       0.27991623272724664     
  0.23104792381362493       0.27991623272724664     
   8697.2800000000007       0.23104762523840350       0.27991560155429074     
  0.23104762523840350       0.27991560155429074     
   8697.2899999999991       0.23104732666318206       0.27991497038133500     
  0.23104732666318206       0.27991497038133500     
   8697.2999999999993       0.23104702808796063       0.27991433920837910     
  0.23104702808796063       0.27991433920837910     
   8697.3099999999995       0.23104672951273919       0.27991370803542326     
  0.23104672951273919       0.27991370803542326     
   8697.3199999999997       0.23104643093751598       0.27991307686246736     
  0.23104643093751598       0.27991307686246736     
   8697.3299999999999       0.23104613236229454       0.27991244568951146     
  0.23104613236229454       0.27991244568951146     
   8697.3400000000001       0.23104583378707311       0.27991181451655561     
  0.23104583378707311       0.27991181451655561     
   8697.3500000000004       0.23104553521185167       0.27991118334359971     
  0.23104553521185167       0.27991118334359971     
   8697.3600000000006       0.23104523663663024       0.27991055217064387     
  0.23104523663663024       0.27991055217064387     
   8697.3699999999990       0.23104493806140880       0.27990992099768808     
  0.23104493806140880       0.27990992099768808     
   8697.3799999999992       0.23104463948618736       0.27990928982473223     
  0.23104463948618736       0.27990928982473223     
   8697.3899999999994       0.23104434091096593       0.27990865865177633     
  0.23104434091096593       0.27990865865177633     
   8697.3999999999996       0.23104404233574449       0.27990802747882049     
  0.23104404233574449       0.27990802747882049     
   8697.4099999999999       0.23104374376052306       0.27990739630586459     
  0.23104374376052306       0.27990739630586459     
   8697.4200000000001       0.23104344518530162       0.27990676513290874     
  0.23104344518530162       0.27990676513290874     
   8697.4300000000003       0.23104314661007841       0.27990613395995284     
  0.23104314661007841       0.27990613395995284     
   8697.4400000000005       0.23104284803485697       0.27990550278699700     
  0.23104284803485697       0.27990550278699700     
   8697.4499999999989       0.23104254945963554       0.27990487161404121     
  0.23104254945963554       0.27990487161404121     
   8697.4599999999991       0.23104225088441410       0.27990424044108531     
  0.23104225088441410       0.27990424044108531     
   8697.4699999999993       0.23104195230919267       0.27990360926812946     
  0.23104195230919267       0.27990360926812946     
   8697.4799999999996       0.23104165373397123       0.27990297809517356     
  0.23104165373397123       0.27990297809517356     
   8697.4899999999998       0.23104135515874979       0.27990234692221772     
  0.23104135515874979       0.27990234692221772     
   8697.5000000000000       0.23104105658352836       0.27990171574926181     
  0.23104105658352836       0.27990171574926181     
   8697.5100000000002       0.23104075800830692       0.27990108457630597     
  0.23104075800830692       0.27990108457630597     
   8697.5200000000004       0.23104045943308549       0.27990045340335007     
  0.23104045943308549       0.27990045340335007     
   8697.5300000000007       0.23104016085786405       0.27989982223039422     
  0.23104016085786405       0.27989982223039422     
   8697.5399999999991       0.23103986228264262       0.27989919105743843     
  0.23103986228264262       0.27989919105743843     
   8697.5499999999993       0.23103956370741940       0.27989855988448259     
  0.23103956370741940       0.27989855988448259     
   8697.5599999999995       0.23103926513219797       0.27989792871152669     
  0.23103926513219797       0.27989792871152669     
   8697.5699999999997       0.23103896655697653       0.27989729753857084     
  0.23103896655697653       0.27989729753857084     
   8697.5799999999999       0.23103866798175510       0.27989666636561494     
  0.23103866798175510       0.27989666636561494     
   8697.5900000000001       0.23103836940653366       0.27989603519265904     
  0.23103836940653366       0.27989603519265904     
   8697.6000000000004       0.23103807083131223       0.27989540401970320     
  0.23103807083131223       0.27989540401970320     
   8697.6100000000006       0.23103777225609079       0.27989477284674730     
  0.23103777225609079       0.27989477284674730     
   8697.6199999999990       0.23103747368086935       0.27989414167379156     
  0.23103747368086935       0.27989414167379156     
   8697.6299999999992       0.23103717510564792       0.27989351050083566     
  0.23103717510564792       0.27989351050083566     
   8697.6399999999994       0.23103687653042648       0.27989287932787982     
  0.23103687653042648       0.27989287932787982     
   8697.6499999999996       0.23103657795520505       0.27989224815492392     
  0.23103657795520505       0.27989224815492392     
   8697.6599999999999       0.23103627937998183       0.27989161698196807     
  0.23103627937998183       0.27989161698196807     
   8697.6700000000001       0.23103598080476040       0.27989098580901217     
  0.23103598080476040       0.27989098580901217     
   8697.6800000000003       0.23103568222953896       0.27989035463605633     
  0.23103568222953896       0.27989035463605633     
   8697.6900000000005       0.23103538365431753       0.27988972346310043     
  0.23103538365431753       0.27988972346310043     
   8697.6999999999989       0.23103508507909609       0.27988909229014469     
  0.23103508507909609       0.27988909229014469     
   8697.7099999999991       0.23103478650387466       0.27988846111718879     
  0.23103478650387466       0.27988846111718879     
   8697.7199999999993       0.23103448792865322       0.27988782994423289     
  0.23103448792865322       0.27988782994423289     
   8697.7299999999996       0.23103418935343178       0.27988719877127705     
  0.23103418935343178       0.27988719877127705     
   8697.7399999999998       0.23103389077821035       0.27988656759832115     
  0.23103389077821035       0.27988656759832115     
   8697.7500000000000       0.23103359220298891       0.27988593642536530     
  0.23103359220298891       0.27988593642536530     
   8697.7600000000002       0.23103329362776748       0.27988530525240940     
  0.23103329362776748       0.27988530525240940     
   8697.7700000000004       0.23103299505254427       0.27988467407945355     
  0.23103299505254427       0.27988467407945355     
   8697.7800000000007       0.23103269647732283       0.27988404290649765     
  0.23103269647732283       0.27988404290649765     
   8697.7899999999991       0.23103239790210139       0.27988341173354192     
  0.23103239790210139       0.27988341173354192     
   8697.7999999999993       0.23103209932687996       0.27988278056058602     
  0.23103209932687996       0.27988278056058602     
   8697.8099999999995       0.23103180075165852       0.27988214938763017     
  0.23103180075165852       0.27988214938763017     
   8697.8199999999997       0.23103150217643709       0.27988151821467427     
  0.23103150217643709       0.27988151821467427     
   8697.8299999999999       0.23103120360121565       0.27988088704171837     
  0.23103120360121565       0.27988088704171837     
   8697.8400000000001       0.23103090502599422       0.27988025586876253     
  0.23103090502599422       0.27988025586876253     
   8697.8500000000004       0.23103060645077278       0.27987962469580663     
  0.23103060645077278       0.27987962469580663     
   8697.8600000000006       0.23103030787555134       0.27987899352285078     
  0.23103030787555134       0.27987899352285078     
   8697.8699999999990       0.23103000930032991       0.27987836234989499     
  0.23103000930032991       0.27987836234989499     
   8697.8799999999992       0.23102971072510670       0.27987773117693915     
  0.23102971072510670       0.27987773117693915     
   8697.8899999999994       0.23102941214988526       0.27987710000398325     
  0.23102941214988526       0.27987710000398325     
   8697.8999999999996       0.23102911357466382       0.27987646883102740     
  0.23102911357466382       0.27987646883102740     
   8697.9099999999999       0.23102881499944239       0.27987583765807150     
  0.23102881499944239       0.27987583765807150     
   8697.9200000000001       0.23102851642422095       0.27987520648511566     
  0.23102851642422095       0.27987520648511566     
   8697.9300000000003       0.23102821784899952       0.27987457531215976     
  0.23102821784899952       0.27987457531215976     
   8697.9400000000005       0.23102791927377808       0.27987394413920391     
  0.23102791927377808       0.27987394413920391     
   8697.9499999999989       0.23102762069855665       0.27987331296624812     
  0.23102762069855665       0.27987331296624812     
   8697.9599999999991       0.23102732212333521       0.27987268179329222     
  0.23102732212333521       0.27987268179329222     
   8697.9699999999993       0.23102702354811377       0.27987205062033638     
  0.23102702354811377       0.27987205062033638     
   8697.9799999999996       0.23102672497289234       0.27987141944738048     
  0.23102672497289234       0.27987141944738048     
   8697.9899999999998       0.23102642639767090       0.27987078827442463     
  0.23102642639767090       0.27987078827442463     
   8698.0000000000000       0.23102612782244769       0.27987015710146873     
  0.23102612782244769       0.27987015710146873     
   8698.0100000000002       0.23102582924722626       0.27986952592851289     
  0.23102582924722626       0.27986952592851289     
   8698.0200000000004       0.23102553067200482       0.27986889475555699     
  0.23102553067200482       0.27986889475555699     
   8698.0300000000007       0.23102523209678338       0.27986826358260114     
  0.23102523209678338       0.27986826358260114     
   8698.0399999999991       0.23102493352156195       0.27986763240964535     
  0.23102493352156195       0.27986763240964535     
   8698.0499999999993       0.23102463494634051       0.27986700123668951     
  0.23102463494634051       0.27986700123668951     
   8698.0599999999995       0.23102433637111908       0.27986637006373360     
  0.23102433637111908       0.27986637006373360     
   8698.0699999999997       0.23102403779589764       0.27986573889077776     
  0.23102403779589764       0.27986573889077776     
   8698.0799999999999       0.23102373922067621       0.27986510771782186     
  0.23102373922067621       0.27986510771782186     
   8698.0900000000001       0.23102344064545477       0.27986447654486596     
  0.23102344064545477       0.27986447654486596     
   8698.1000000000004       0.23102314207023333       0.27986384537191011     
  0.23102314207023333       0.27986384537191011     
   8698.1100000000006       0.23102284349501012       0.27986321419895421     
  0.23102284349501012       0.27986321419895421     
   8698.1199999999990       0.23102254491978869       0.27986258302599848     
  0.23102254491978869       0.27986258302599848     
   8698.1299999999992       0.23102224634456725       0.27986195185304258     
  0.23102224634456725       0.27986195185304258     
   8698.1399999999994       0.23102194776934581       0.27986132068008673     
  0.23102194776934581       0.27986132068008673     
   8698.1499999999996       0.23102164919412438       0.27986068950713083     
  0.23102164919412438       0.27986068950713083     
   8698.1599999999999       0.23102135061890294       0.27986005833417499     
  0.23102135061890294       0.27986005833417499     
   8698.1700000000001       0.23102105204368151       0.27985942716121909     
  0.23102105204368151       0.27985942716121909     
   8698.1800000000003       0.23102075346846007       0.27985879598826324     
  0.23102075346846007       0.27985879598826324     
   8698.1900000000005       0.23102045489323864       0.27985816481530734     
  0.23102045489323864       0.27985816481530734     
   8698.1999999999989       0.23102015631801720       0.27985753364235161     
  0.23102015631801720       0.27985753364235161     
   8698.2099999999991       0.23101985774279576       0.27985690246939571     
  0.23101985774279576       0.27985690246939571     
   8698.2199999999993       0.23101955916757255       0.27985627129643981     
  0.23101955916757255       0.27985627129643981     
   8698.2299999999996       0.23101926059235112       0.27985564012348396     
  0.23101926059235112       0.27985564012348396     
   8698.2399999999998       0.23101896201712968       0.27985500895052806     
  0.23101896201712968       0.27985500895052806     
   8698.2500000000000       0.23101866344190825       0.27985437777757222     
  0.23101866344190825       0.27985437777757222     
   8698.2600000000002       0.23101836486668681       0.27985374660461632     
  0.23101836486668681       0.27985374660461632     
   8698.2700000000004       0.23101806629146537       0.27985311543166047     
  0.23101806629146537       0.27985311543166047     
   8698.2800000000007       0.23101776771624394       0.27985248425870457     
  0.23101776771624394       0.27985248425870457     
   8698.2899999999991       0.23101746914102250       0.27985185308574884     
  0.23101746914102250       0.27985185308574884     
   8698.2999999999993       0.23101717056580107       0.27985122191279294     
  0.23101717056580107       0.27985122191279294     
   8698.3099999999995       0.23101687199057963       0.27985059073983709     
  0.23101687199057963       0.27985059073983709     
   8698.3199999999997       0.23101657341535820       0.27984995956688119     
  0.23101657341535820       0.27984995956688119     
   8698.3299999999999       0.23101627484013498       0.27984932839392529     
  0.23101627484013498       0.27984932839392529     
   8698.3400000000001       0.23101597626491355       0.27984869722096944     
  0.23101597626491355       0.27984869722096944     
   8698.3500000000004       0.23101567768969211       0.27984806604801354     
  0.23101567768969211       0.27984806604801354     
   8698.3600000000006       0.23101537911447068       0.27984743487505770     
  0.23101537911447068       0.27984743487505770     
   8698.3699999999990       0.23101508053924924       0.27984680370210191     
  0.23101508053924924       0.27984680370210191     
   8698.3799999999992       0.23101478196402780       0.27984617252914606     
  0.23101478196402780       0.27984617252914606     
   8698.3899999999994       0.23101448338880637       0.27984554135619016     
  0.23101448338880637       0.27984554135619016     
   8698.3999999999996       0.23101418481358493       0.27984491018323432     
  0.23101418481358493       0.27984491018323432     
   8698.4099999999999       0.23101388623836350       0.27984427901027842     
  0.23101388623836350       0.27984427901027842     
   8698.4200000000001       0.23101358766314206       0.27984364783732257     
  0.23101358766314206       0.27984364783732257     
   8698.4300000000003       0.23101328908792063       0.27984301666436667     
  0.23101328908792063       0.27984301666436667     
   8698.4400000000005       0.23101299051269741       0.27984238549141083     
  0.23101299051269741       0.27984238549141083     
   8698.4499999999989       0.23101269193747598       0.27984175431845504     
  0.23101269193747598       0.27984175431845504     
   8698.4599999999991       0.23101239336225454       0.27984112314549919     
  0.23101239336225454       0.27984112314549919     
   8698.4699999999993       0.23101209478703311       0.27984049197254329     
  0.23101209478703311       0.27984049197254329     
   8698.4799999999996       0.23101179621181167       0.27983986079958739     
  0.23101179621181167       0.27983986079958739     
   8698.4899999999998       0.23101149763659024       0.27983922962663155     
  0.23101149763659024       0.27983922962663155     
   8698.5000000000000       0.23101119906136880       0.27983859845367565     
  0.23101119906136880       0.27983859845367565     
   8698.5100000000002       0.23101090048614736       0.27983796728071980     
  0.23101090048614736       0.27983796728071980     
   8698.5200000000004       0.23101060191092593       0.27983733610776390     
  0.23101060191092593       0.27983733610776390     
   8698.5300000000007       0.23101030333570449       0.27983670493480806     
  0.23101030333570449       0.27983670493480806     
   8698.5399999999991       0.23101000476048306       0.27983607376185227     
  0.23101000476048306       0.27983607376185227     
   8698.5499999999993       0.23100970618526162       0.27983544258889642     
  0.23100970618526162       0.27983544258889642     
   8698.5599999999995       0.23100940761003841       0.27983481141594052     
  0.23100940761003841       0.27983481141594052     
   8698.5699999999997       0.23100910903481697       0.27983418024298468     
  0.23100910903481697       0.27983418024298468     
   8698.5799999999999       0.23100881045959554       0.27983354907002878     
  0.23100881045959554       0.27983354907002878     
   8698.5900000000001       0.23100851188437410       0.27983291789707287     
  0.23100851188437410       0.27983291789707287     
   8698.6000000000004       0.23100821330915267       0.27983228672411703     
  0.23100821330915267       0.27983228672411703     
   8698.6100000000006       0.23100791473393123       0.27983165555116113     
  0.23100791473393123       0.27983165555116113     
   8698.6199999999990       0.23100761615870979       0.27983102437820540     
  0.23100761615870979       0.27983102437820540     
   8698.6299999999992       0.23100731758348836       0.27983039320524949     
  0.23100731758348836       0.27983039320524949     
   8698.6399999999994       0.23100701900826692       0.27982976203229365     
  0.23100701900826692       0.27982976203229365     
   8698.6499999999996       0.23100672043304549       0.27982913085933775     
  0.23100672043304549       0.27982913085933775     
   8698.6599999999999       0.23100642185782405       0.27982849968638190     
  0.23100642185782405       0.27982849968638190     
   8698.6700000000001       0.23100612328260084       0.27982786851342600     
  0.23100612328260084       0.27982786851342600     
   8698.6800000000003       0.23100582470737940       0.27982723734047016     
  0.23100582470737940       0.27982723734047016     
   8698.6900000000005       0.23100552613215797       0.27982660616751426     
  0.23100552613215797       0.27982660616751426     
   8698.6999999999989       0.23100522755693653       0.27982597499455852     
  0.23100522755693653       0.27982597499455852     
   8698.7099999999991       0.23100492898171510       0.27982534382160262     
  0.23100492898171510       0.27982534382160262     
   8698.7199999999993       0.23100463040649366       0.27982471264864672     
  0.23100463040649366       0.27982471264864672     
   8698.7299999999996       0.23100433183127222       0.27982408147569088     
  0.23100433183127222       0.27982408147569088     
   8698.7399999999998       0.23100403325605079       0.27982345030273498     
  0.23100403325605079       0.27982345030273498     
   8698.7500000000000       0.23100373468082935       0.27982281912977913     
  0.23100373468082935       0.27982281912977913     
   8698.7600000000002       0.23100343610560792       0.27982218795682323     
  0.23100343610560792       0.27982218795682323     
   8698.7700000000004       0.23100313753038648       0.27982155678386739     
  0.23100313753038648       0.27982155678386739     
   8698.7800000000007       0.23100283895516327       0.27982092561091149     
  0.23100283895516327       0.27982092561091149     
   8698.7899999999991       0.23100254037994183       0.27982029443795575     
  0.23100254037994183       0.27982029443795575     
   8698.7999999999993       0.23100224180472040       0.27981966326499985     
  0.23100224180472040       0.27981966326499985     
   8698.8099999999995       0.23100194322949896       0.27981903209204401     
  0.23100194322949896       0.27981903209204401     
   8698.8199999999997       0.23100164465427753       0.27981840091908811     
  0.23100164465427753       0.27981840091908811     
   8698.8299999999999       0.23100134607905609       0.27981776974613226     
  0.23100134607905609       0.27981776974613226     
   8698.8400000000001       0.23100104750383466       0.27981713857317636     
  0.23100104750383466       0.27981713857317636     
   8698.8500000000004       0.23100074892861322       0.27981650740022046     
  0.23100074892861322       0.27981650740022046     
   8698.8600000000006       0.23100045035339178       0.27981587622726461     
  0.23100045035339178       0.27981587622726461     
   8698.8699999999990       0.23100015177817035       0.27981524505430883     
  0.23100015177817035       0.27981524505430883     
   8698.8799999999992       0.23099985320294891       0.27981461388135298     
  0.23099985320294891       0.27981461388135298     
   8698.8899999999994       0.23099955462772748       0.27981398270839708     
  0.23099955462772748       0.27981398270839708     
   8698.8999999999996       0.23099925605250426       0.27981335153544123     
  0.23099925605250426       0.27981335153544123     
   8698.9099999999999       0.23099895747728283       0.27981272036248533     
  0.23099895747728283       0.27981272036248533     
   8698.9200000000001       0.23099865890206139       0.27981208918952949     
  0.23099865890206139       0.27981208918952949     
   8698.9300000000003       0.23099836032683996       0.27981145801657359     
  0.23099836032683996       0.27981145801657359     
   8698.9400000000005       0.23099806175161852       0.27981082684361774     
  0.23099806175161852       0.27981082684361774     
   8698.9499999999989       0.23099776317639709       0.27981019567066195     
  0.23099776317639709       0.27981019567066195     
   8698.9599999999991       0.23099746460117565       0.27980956449770611     
  0.23099746460117565       0.27980956449770611     
   8698.9699999999993       0.23099716602595421       0.27980893332475021     
  0.23099716602595421       0.27980893332475021     
   8698.9799999999996       0.23099686745073278       0.27980830215179431     
  0.23099686745073278       0.27980830215179431     
   8698.9899999999998       0.23099656887551134       0.27980767097883846     
  0.23099656887551134       0.27980767097883846     
   8699.0000000000000       0.23099627030028991       0.27980703980588256     
  0.23099627030028991       0.27980703980588256     
   8699.0100000000002       0.23099597172506670       0.27980640863292672     
  0.23099597172506670       0.27980640863292672     
   8699.0200000000004       0.23099567314984526       0.27980577745997082     
  0.23099567314984526       0.27980577745997082     
   8699.0300000000007       0.23099537457462382       0.27980514628701497     
  0.23099537457462382       0.27980514628701497     
   8699.0399999999991       0.23099507599940239       0.27980451511405918     
  0.23099507599940239       0.27980451511405918     
   8699.0499999999993       0.23099477742418095       0.27980388394110334     
  0.23099477742418095       0.27980388394110334     
   8699.0599999999995       0.23099447884895952       0.27980325276814744     
  0.23099447884895952       0.27980325276814744     
   8699.0699999999997       0.23099418027373808       0.27980262159519159     
  0.23099418027373808       0.27980262159519159     
   8699.0799999999999       0.23099388169851665       0.27980199042223569     
  0.23099388169851665       0.27980199042223569     
   8699.0900000000001       0.23099358312329521       0.27980135924927979     
  0.23099358312329521       0.27980135924927979     
   8699.1000000000004       0.23099328454807377       0.27980072807632395     
  0.23099328454807377       0.27980072807632395     
   8699.1100000000006       0.23099298597285234       0.27980009690336805     
  0.23099298597285234       0.27980009690336805     
   8699.1199999999990       0.23099268739762913       0.27979946573041231     
  0.23099268739762913       0.27979946573041231     
   8699.1299999999992       0.23099238882240769       0.27979883455745641     
  0.23099238882240769       0.27979883455745641     
   8699.1399999999994       0.23099209024718625       0.27979820338450057     
  0.23099209024718625       0.27979820338450057     
   8699.1499999999996       0.23099179167196482       0.27979757221154467     
  0.23099179167196482       0.27979757221154467     
   8699.1599999999999       0.23099149309674338       0.27979694103858882     
  0.23099149309674338       0.27979694103858882     
   8699.1700000000001       0.23099119452152195       0.27979630986563292     
  0.23099119452152195       0.27979630986563292     
   8699.1800000000003       0.23099089594630051       0.27979567869267707     
  0.23099089594630051       0.27979567869267707     
   8699.1900000000005       0.23099059737107908       0.27979504751972117     
  0.23099059737107908       0.27979504751972117     
   8699.1999999999989       0.23099029879585764       0.27979441634676544     
  0.23099029879585764       0.27979441634676544     
   8699.2099999999991       0.23099000022063620       0.27979378517380954     
  0.23099000022063620       0.27979378517380954     
   8699.2199999999993       0.23098970164541477       0.27979315400085364     
  0.23098970164541477       0.27979315400085364     
   8699.2299999999996       0.23098940307019156       0.27979252282789779     
  0.23098940307019156       0.27979252282789779     
   8699.2399999999998       0.23098910449497012       0.27979189165494189     
  0.23098910449497012       0.27979189165494189     
   8699.2500000000000       0.23098880591974869       0.27979126048198605     
  0.23098880591974869       0.27979126048198605     
   8699.2600000000002       0.23098850734452725       0.27979062930903015     
  0.23098850734452725       0.27979062930903015     
   8699.2700000000004       0.23098820876930581       0.27978999813607430     
  0.23098820876930581       0.27978999813607430     
   8699.2800000000007       0.23098791019408438       0.27978936696311840     
  0.23098791019408438       0.27978936696311840     
   8699.2899999999991       0.23098761161886294       0.27978873579016267     
  0.23098761161886294       0.27978873579016267     
   8699.2999999999993       0.23098731304364151       0.27978810461720677     
  0.23098731304364151       0.27978810461720677     
   8699.3099999999995       0.23098701446842007       0.27978747344425092     
  0.23098701446842007       0.27978747344425092     
   8699.3199999999997       0.23098671589319864       0.27978684227129502     
  0.23098671589319864       0.27978684227129502     
   8699.3299999999999       0.23098641731797720       0.27978621109833918     
  0.23098641731797720       0.27978621109833918     
   8699.3400000000001       0.23098611874275399       0.27978557992538328     
  0.23098611874275399       0.27978557992538328     
   8699.3500000000004       0.23098582016753255       0.27978494875242738     
  0.23098582016753255       0.27978494875242738     
   8699.3600000000006       0.23098552159231112       0.27978431757947153     
  0.23098552159231112       0.27978431757947153     
   8699.3699999999990       0.23098522301708968       0.27978368640651574     
  0.23098522301708968       0.27978368640651574     
   8699.3799999999992       0.23098492444186824       0.27978305523355990     
  0.23098492444186824       0.27978305523355990     
   8699.3899999999994       0.23098462586664681       0.27978242406060400     
  0.23098462586664681       0.27978242406060400     
   8699.3999999999996       0.23098432729142537       0.27978179288764815     
  0.23098432729142537       0.27978179288764815     
   8699.4099999999999       0.23098402871620394       0.27978116171469225     
  0.23098402871620394       0.27978116171469225     
   8699.4200000000001       0.23098373014098250       0.27978053054173641     
  0.23098373014098250       0.27978053054173641     
   8699.4300000000003       0.23098343156576107       0.27977989936878050     
  0.23098343156576107       0.27977989936878050     
   8699.4400000000005       0.23098313299053963       0.27977926819582466     
  0.23098313299053963       0.27977926819582466     
   8699.4499999999989       0.23098283441531819       0.27977863702286887     
  0.23098283441531819       0.27977863702286887     
   8699.4599999999991       0.23098253584009498       0.27977800584991303     
  0.23098253584009498       0.27977800584991303     
   8699.4699999999993       0.23098223726487355       0.27977737467695712     
  0.23098223726487355       0.27977737467695712     
   8699.4799999999996       0.23098193868965211       0.27977674350400122     
  0.23098193868965211       0.27977674350400122     
   8699.4899999999998       0.23098164011443068       0.27977611233104538     
  0.23098164011443068       0.27977611233104538     
   8699.5000000000000       0.23098134153920924       0.27977548115808948     
  0.23098134153920924       0.27977548115808948     
   8699.5100000000002       0.23098104296398780       0.27977484998513363     
  0.23098104296398780       0.27977484998513363     
   8699.5200000000004       0.23098074438876637       0.27977421881217773     
  0.23098074438876637       0.27977421881217773     
   8699.5300000000007       0.23098044581354493       0.27977358763922189     
  0.23098044581354493       0.27977358763922189     
   8699.5399999999991       0.23098014723832350       0.27977295646626610     
  0.23098014723832350       0.27977295646626610     
   8699.5499999999993       0.23097984866310206       0.27977232529331025     
  0.23097984866310206       0.27977232529331025     
   8699.5599999999995       0.23097955008788063       0.27977169412035435     
  0.23097955008788063       0.27977169412035435     
   8699.5699999999997       0.23097925151265741       0.27977106294739851     
  0.23097925151265741       0.27977106294739851     
   8699.5799999999999       0.23097895293743598       0.27977043177444261     
  0.23097895293743598       0.27977043177444261     
   8699.5900000000001       0.23097865436221454       0.27976980060148671     
  0.23097865436221454       0.27976980060148671     
   8699.6000000000004       0.23097835578699311       0.27976916942853086     
  0.23097835578699311       0.27976916942853086     
   8699.6100000000006       0.23097805721177167       0.27976853825557496     
  0.23097805721177167       0.27976853825557496     
   8699.6199999999990       0.23097775863655023       0.27976790708261923     
  0.23097775863655023       0.27976790708261923     
   8699.6299999999992       0.23097746006132880       0.27976727590966333     
  0.23097746006132880       0.27976727590966333     
   8699.6399999999994       0.23097716148610736       0.27976664473670748     
  0.23097716148610736       0.27976664473670748     
   8699.6499999999996       0.23097686291088593       0.27976601356375158     
  0.23097686291088593       0.27976601356375158     
   8699.6599999999999       0.23097656433566449       0.27976538239079574     
  0.23097656433566449       0.27976538239079574     
   8699.6700000000001       0.23097626576044306       0.27976475121783984     
  0.23097626576044306       0.27976475121783984     
   8699.6800000000003       0.23097596718521984       0.27976412004488399     
  0.23097596718521984       0.27976412004488399     
   8699.6900000000005       0.23097566860999841       0.27976348887192809     
  0.23097566860999841       0.27976348887192809     
   8699.6999999999989       0.23097537003477697       0.27976285769897236     
  0.23097537003477697       0.27976285769897236     
   8699.7099999999991       0.23097507145955554       0.27976222652601646     
  0.23097507145955554       0.27976222652601646     
   8699.7199999999993       0.23097477288433410       0.27976159535306061     
  0.23097477288433410       0.27976159535306061     
   8699.7299999999996       0.23097447430911267       0.27976096418010471     
  0.23097447430911267       0.27976096418010471     
   8699.7399999999998       0.23097417573389123       0.27976033300714881     
  0.23097417573389123       0.27976033300714881     
   8699.7500000000000       0.23097387715866979       0.27975970183419296     
  0.23097387715866979       0.27975970183419296     
   8699.7600000000002       0.23097357858344836       0.27975907066123706     
  0.23097357858344836       0.27975907066123706     
   8699.7700000000004       0.23097328000822692       0.27975843948828122     
  0.23097328000822692       0.27975843948828122     
   8699.7800000000007       0.23097298143300549       0.27975780831532532     
  0.23097298143300549       0.27975780831532532     
   8699.7899999999991       0.23097268285778405       0.27975717714236958     
  0.23097268285778405       0.27975717714236958     
   8699.7999999999993       0.23097238428256084       0.27975654596941368     
  0.23097238428256084       0.27975654596941368     
   8699.8099999999995       0.23097208570733940       0.27975591479645784     
  0.23097208570733940       0.27975591479645784     
   8699.8199999999997       0.23097178713211797       0.27975528362350194     
  0.23097178713211797       0.27975528362350194     
   8699.8299999999999       0.23097148855689653       0.27975465245054609     
  0.23097148855689653       0.27975465245054609     
   8699.8400000000001       0.23097118998167510       0.27975402127759019     
  0.23097118998167510       0.27975402127759019     
   8699.8500000000004       0.23097089140645366       0.27975339010463429     
  0.23097089140645366       0.27975339010463429     
   8699.8600000000006       0.23097059283123222       0.27975275893167845     
  0.23097059283123222       0.27975275893167845     
   8699.8699999999990       0.23097029425601079       0.27975212775872266     
  0.23097029425601079       0.27975212775872266     
   8699.8799999999992       0.23096999568078935       0.27975149658576681     
  0.23096999568078935       0.27975149658576681     
   8699.8899999999994       0.23096969710556792       0.27975086541281091     
  0.23096969710556792       0.27975086541281091     
   8699.8999999999996       0.23096939853034648       0.27975023423985507     
  0.23096939853034648       0.27975023423985507     
   8699.9099999999999       0.23096909995512327       0.27974960306689917     
  0.23096909995512327       0.27974960306689917     
   8699.9200000000001       0.23096880137990183       0.27974897189394332     
  0.23096880137990183       0.27974897189394332     
   8699.9300000000003       0.23096850280468040       0.27974834072098742     
  0.23096850280468040       0.27974834072098742     
   8699.9400000000005       0.23096820422945896       0.27974770954803158     
  0.23096820422945896       0.27974770954803158     
   8699.9499999999989       0.23096790565423753       0.27974707837507579     
  0.23096790565423753       0.27974707837507579     
   8699.9599999999991       0.23096760707901609       0.27974644720211994     
  0.23096760707901609       0.27974644720211994     
   8699.9699999999993       0.23096730850379465       0.27974581602916404     
  0.23096730850379465       0.27974581602916404     
   8699.9799999999996       0.23096700992857322       0.27974518485620814     
  0.23096700992857322       0.27974518485620814     
   8699.9899999999998       0.23096671135335178       0.27974455368325229     
  0.23096671135335178       0.27974455368325229     
   8700.0000000000000       0.23096641277813035       0.27974392251029639     
  0.23096641277813035       0.27974392251029639     
   8700.0100000000002       0.23096611420290891       0.27974329133734055     
  0.23096611420290891       0.27974329133734055     
   8700.0200000000004       0.23096581562768570       0.27974266016438465     
  0.23096581562768570       0.27974266016438465     
   8700.0300000000007       0.23096551705246426       0.27974202899142880     
  0.23096551705246426       0.27974202899142880     
   8700.0399999999991       0.23096521847724283       0.27974139781847301     
  0.23096521847724283       0.27974139781847301     
   8700.0499999999993       0.23096491990202139       0.27974076664551717     
  0.23096491990202139       0.27974076664551717     
   8700.0599999999995       0.23096462132679996       0.27974013547256127     
  0.23096462132679996       0.27974013547256127     
   8700.0699999999997       0.23096432275157852       0.27973950429960542     
  0.23096432275157852       0.27973950429960542     
   8700.0799999999999       0.23096402417635709       0.27973887312664952     
  0.23096402417635709       0.27973887312664952     
   8700.0900000000001       0.23096372560113565       0.27973824195369368     
  0.23096372560113565       0.27973824195369368     
   8700.1000000000004       0.23096342702591421       0.27973761078073778     
  0.23096342702591421       0.27973761078073778     
   8700.1100000000006       0.23096312845069278       0.27973697960778188     
  0.23096312845069278       0.27973697960778188     
   8700.1199999999990       0.23096282987547134       0.27973634843482614     
  0.23096282987547134       0.27973634843482614     
   8700.1299999999992       0.23096253130024813       0.27973571726187024     
  0.23096253130024813       0.27973571726187024     
   8700.1399999999994       0.23096223272502669       0.27973508608891440     
  0.23096223272502669       0.27973508608891440     
   8700.1499999999996       0.23096193414980526       0.27973445491595850     
  0.23096193414980526       0.27973445491595850     
   8700.1599999999999       0.23096163557458382       0.27973382374300265     
  0.23096163557458382       0.27973382374300265     
   8700.1700000000001       0.23096133699936239       0.27973319257004675     
  0.23096133699936239       0.27973319257004675     
   8700.1800000000003       0.23096103842414095       0.27973256139709091     
  0.23096103842414095       0.27973256139709091     
   8700.1900000000005       0.23096073984891952       0.27973193022413501     
  0.23096073984891952       0.27973193022413501     
   8700.1999999999989       0.23096044127369808       0.27973129905117927     
  0.23096044127369808       0.27973129905117927     
   8700.2099999999991       0.23096014269847664       0.27973066787822337     
  0.23096014269847664       0.27973066787822337     
   8700.2199999999993       0.23095984412325521       0.27973003670526753     
  0.23095984412325521       0.27973003670526753     
   8700.2299999999996       0.23095954554803377       0.27972940553231163     
  0.23095954554803377       0.27972940553231163     
   8700.2399999999998       0.23095924697281056       0.27972877435935573     
  0.23095924697281056       0.27972877435935573     
   8700.2500000000000       0.23095894839758913       0.27972814318639988     
  0.23095894839758913       0.27972814318639988     
   8700.2600000000002       0.23095864982236769       0.27972751201344398     
  0.23095864982236769       0.27972751201344398     
   8700.2700000000004       0.23095835124714625       0.27972688084048813     
  0.23095835124714625       0.27972688084048813     
   8700.2800000000007       0.23095805267192482       0.27972624966753223     
  0.23095805267192482       0.27972624966753223     
   8700.2899999999991       0.23095775409670338       0.27972561849457650     
  0.23095775409670338       0.27972561849457650     
   8700.2999999999993       0.23095745552148195       0.27972498732162060     
  0.23095745552148195       0.27972498732162060     
   8700.3099999999995       0.23095715694626051       0.27972435614866475     
  0.23095715694626051       0.27972435614866475     
   8700.3199999999997       0.23095685837103908       0.27972372497570885     
  0.23095685837103908       0.27972372497570885     
   8700.3299999999999       0.23095655979581764       0.27972309380275301     
  0.23095655979581764       0.27972309380275301     
   8700.3400000000001       0.23095626122059620       0.27972246262979711     
  0.23095626122059620       0.27972246262979711     
   8700.3500000000004       0.23095596264537477       0.27972183145684121     
  0.23095596264537477       0.27972183145684121     
   8700.3600000000006       0.23095566407015156       0.27972120028388536     
  0.23095566407015156       0.27972120028388536     
   8700.3699999999990       0.23095536549493012       0.27972056911092957     
  0.23095536549493012       0.27972056911092957     
   8700.3799999999992       0.23095506691970868       0.27971993793797373     
  0.23095506691970868       0.27971993793797373     
   8700.3899999999994       0.23095476834448725       0.27971930676501783     
  0.23095476834448725       0.27971930676501783     
   8700.3999999999996       0.23095446976926581       0.27971867559206198     
  0.23095446976926581       0.27971867559206198     
   8700.4099999999999       0.23095417119404438       0.27971804441910608     
  0.23095417119404438       0.27971804441910608     
   8700.4200000000001       0.23095387261882294       0.27971741324615024     
  0.23095387261882294       0.27971741324615024     
   8700.4300000000003       0.23095357404360151       0.27971678207319434     
  0.23095357404360151       0.27971678207319434     
   8700.4400000000005       0.23095327546838007       0.27971615090023849     
  0.23095327546838007       0.27971615090023849     
   8700.4499999999989       0.23095297689315863       0.27971551972728270     
  0.23095297689315863       0.27971551972728270     
   8700.4599999999991       0.23095267831793720       0.27971488855432686     
  0.23095267831793720       0.27971488855432686     
   8700.4699999999993       0.23095237974271399       0.27971425738137096     
  0.23095237974271399       0.27971425738137096     
   8700.4799999999996       0.23095208116749255       0.27971362620841506     
  0.23095208116749255       0.27971362620841506     
   8700.4899999999998       0.23095178259227112       0.27971299503545921     
  0.23095178259227112       0.27971299503545921     
   8700.5000000000000       0.23095148401704968       0.27971236386250331     
  0.23095148401704968       0.27971236386250331     
   8700.5100000000002       0.23095118544182824       0.27971173268954747     
  0.23095118544182824       0.27971173268954747     
   8700.5200000000004       0.23095088686660681       0.27971110151659156     
  0.23095088686660681       0.27971110151659156     
   8700.5300000000007       0.23095058829138537       0.27971047034363572     
  0.23095058829138537       0.27971047034363572     
   8700.5399999999991       0.23095028971616394       0.27970983917067993     
  0.23095028971616394       0.27970983917067993     
   8700.5499999999993       0.23094999114094250       0.27970920799772409     
  0.23094999114094250       0.27970920799772409     
   8700.5599999999995       0.23094969256572107       0.27970857682476818     
  0.23094969256572107       0.27970857682476818     
   8700.5699999999997       0.23094939399049963       0.27970794565181234     
  0.23094939399049963       0.27970794565181234     
   8700.5799999999999       0.23094909541527642       0.27970731447885644     
  0.23094909541527642       0.27970731447885644     
   8700.5900000000001       0.23094879684005498       0.27970668330590059     
  0.23094879684005498       0.27970668330590059     
   8700.6000000000004       0.23094849826483355       0.27970605213294469     
  0.23094849826483355       0.27970605213294469     
   8700.6100000000006       0.23094819968961211       0.27970542095998879     
  0.23094819968961211       0.27970542095998879     
   8700.6199999999990       0.23094790111439067       0.27970478978703306     
  0.23094790111439067       0.27970478978703306     
   8700.6299999999992       0.23094760253916924       0.27970415861407716     
  0.23094760253916924       0.27970415861407716     
   8700.6399999999994       0.23094730396394780       0.27970352744112131     
  0.23094730396394780       0.27970352744112131     
   8700.6499999999996       0.23094700538872637       0.27970289626816541     
  0.23094700538872637       0.27970289626816541     
   8700.6599999999999       0.23094670681350493       0.27970226509520957     
  0.23094670681350493       0.27970226509520957     
   8700.6700000000001       0.23094640823828350       0.27970163392225367     
  0.23094640823828350       0.27970163392225367     
   8700.6800000000003       0.23094610966306206       0.27970100274929782     
  0.23094610966306206       0.27970100274929782     
   8700.6900000000005       0.23094581108783885       0.27970037157634192     
  0.23094581108783885       0.27970037157634192     
   8700.6999999999989       0.23094551251261741       0.27969974040338619     
  0.23094551251261741       0.27969974040338619     
   8700.7099999999991       0.23094521393739598       0.27969910923043029     
  0.23094521393739598       0.27969910923043029     
   8700.7199999999993       0.23094491536217454       0.27969847805747444     
  0.23094491536217454       0.27969847805747444     
   8700.7299999999996       0.23094461678695311       0.27969784688451854     
  0.23094461678695311       0.27969784688451854     
   8700.7399999999998       0.23094431821173167       0.27969721571156264     
  0.23094431821173167       0.27969721571156264     
   8700.7500000000000       0.23094401963651023       0.27969658453860680     
  0.23094401963651023       0.27969658453860680     
   8700.7600000000002       0.23094372106128880       0.27969595336565090     
  0.23094372106128880       0.27969595336565090     
   8700.7700000000004       0.23094342248606736       0.27969532219269505     
  0.23094342248606736       0.27969532219269505     
   8700.7800000000007       0.23094312391084593       0.27969469101973915     
  0.23094312391084593       0.27969469101973915     
   8700.7899999999991       0.23094282533562449       0.27969405984678342     
  0.23094282533562449       0.27969405984678342     
   8700.7999999999993       0.23094252676040306       0.27969342867382752     
  0.23094252676040306       0.27969342867382752     
   8700.8099999999995       0.23094222818517984       0.27969279750087167     
  0.23094222818517984       0.27969279750087167     
   8700.8199999999997       0.23094192960995841       0.27969216632791577     
  0.23094192960995841       0.27969216632791577     
   8700.8299999999999       0.23094163103473697       0.27969153515495992     
  0.23094163103473697       0.27969153515495992     
   8700.8400000000001       0.23094133245951554       0.27969090398200402     
  0.23094133245951554       0.27969090398200402     
   8700.8500000000004       0.23094103388429410       0.27969027280904812     
  0.23094103388429410       0.27969027280904812     
   8700.8600000000006       0.23094073530907266       0.27968964163609228     
  0.23094073530907266       0.27968964163609228     
   8700.8699999999990       0.23094043673385123       0.27968901046313649     
  0.23094043673385123       0.27968901046313649     
   8700.8799999999992       0.23094013815862979       0.27968837929018064     
  0.23094013815862979       0.27968837929018064     
   8700.8899999999994       0.23093983958340836       0.27968774811722474     
  0.23093983958340836       0.27968774811722474     
   8700.8999999999996       0.23093954100818692       0.27968711694426890     
  0.23093954100818692       0.27968711694426890     
   8700.9099999999999       0.23093924243296549       0.27968648577131300     
  0.23093924243296549       0.27968648577131300     
   8700.9200000000001       0.23093894385774227       0.27968585459835715     
  0.23093894385774227       0.27968585459835715     
   8700.9300000000003       0.23093864528252084       0.27968522342540125     
  0.23093864528252084       0.27968522342540125     
   8700.9400000000005       0.23093834670729940       0.27968459225244541     
  0.23093834670729940       0.27968459225244541     
   8700.9499999999989       0.23093804813207797       0.27968396107948962     
  0.23093804813207797       0.27968396107948962     
   8700.9599999999991       0.23093774955685653       0.27968332990653377     
  0.23093774955685653       0.27968332990653377     
   8700.9699999999993       0.23093745098163510       0.27968269873357787     
  0.23093745098163510       0.27968269873357787     
   8700.9799999999996       0.23093715240641366       0.27968206756062197     
  0.23093715240641366       0.27968206756062197     
   8700.9899999999998       0.23093685383119222       0.27968143638766613     
  0.23093685383119222       0.27968143638766613     
   8701.0000000000000       0.23093655525597079       0.27968080521471023     
  0.23093655525597079       0.27968080521471023     
   8701.0100000000002       0.23093625668074935       0.27968017404175438     
  0.23093625668074935       0.27968017404175438     
   8701.0200000000004       0.23093595810552792       0.27967954286879848     
  0.23093595810552792       0.27967954286879848     
   8701.0300000000007       0.23093565953030470       0.27967891169584264     
  0.23093565953030470       0.27967891169584264     
   8701.0399999999991       0.23093536095508327       0.27967828052288685     
  0.23093536095508327       0.27967828052288685     
   8701.0499999999993       0.23093506237986183       0.27967764934993100     
  0.23093506237986183       0.27967764934993100     
   8701.0599999999995       0.23093476380464040       0.27967701817697510     
  0.23093476380464040       0.27967701817697510     
   8701.0699999999997       0.23093446522941896       0.27967638700401926     
  0.23093446522941896       0.27967638700401926     
   8701.0799999999999       0.23093416665419753       0.27967575583106336     
  0.23093416665419753       0.27967575583106336     
   8701.0900000000001       0.23093386807897609       0.27967512465810751     
  0.23093386807897609       0.27967512465810751     
   8701.1000000000004       0.23093356950375465       0.27967449348515161     
  0.23093356950375465       0.27967449348515161     
   8701.1100000000006       0.23093327092853322       0.27967386231219571     
  0.23093327092853322       0.27967386231219571     
   8701.1199999999990       0.23093297235331178       0.27967323113923998     
  0.23093297235331178       0.27967323113923998     
   8701.1299999999992       0.23093267377809035       0.27967259996628407     
  0.23093267377809035       0.27967259996628407     
   8701.1399999999994       0.23093237520286714       0.27967196879332823     
  0.23093237520286714       0.27967196879332823     
   8701.1499999999996       0.23093207662764570       0.27967133762037233     
  0.23093207662764570       0.27967133762037233     
   8701.1599999999999       0.23093177805242426       0.27967070644741648     
  0.23093177805242426       0.27967070644741648     
   8701.1700000000001       0.23093147947720283       0.27967007527446058     
  0.23093147947720283       0.27967007527446058     
   8701.1800000000003       0.23093118090198139       0.27966944410150474     
  0.23093118090198139       0.27966944410150474     
   8701.1900000000005       0.23093088232675996       0.27966881292854884     
  0.23093088232675996       0.27966881292854884     
   8701.1999999999989       0.23093058375153852       0.27966818175559310     
  0.23093058375153852       0.27966818175559310     
   8701.2099999999991       0.23093028517631708       0.27966755058263720     
  0.23093028517631708       0.27966755058263720     
   8701.2199999999993       0.23092998660109565       0.27966691940968136     
  0.23092998660109565       0.27966691940968136     
   8701.2299999999996       0.23092968802587421       0.27966628823672546     
  0.23092968802587421       0.27966628823672546     
   8701.2399999999998       0.23092938945065278       0.27966565706376956     
  0.23092938945065278       0.27966565706376956     
   8701.2500000000000       0.23092909087543134       0.27966502589081371     
  0.23092909087543134       0.27966502589081371     
   8701.2600000000002       0.23092879230020813       0.27966439471785781     
  0.23092879230020813       0.27966439471785781     
   8701.2700000000004       0.23092849372498669       0.27966376354490197     
  0.23092849372498669       0.27966376354490197     
   8701.2800000000007       0.23092819514976526       0.27966313237194607     
  0.23092819514976526       0.27966313237194607     
   8701.2899999999991       0.23092789657454382       0.27966250119899033     
  0.23092789657454382       0.27966250119899033     
   8701.2999999999993       0.23092759799932239       0.27966187002603443     
  0.23092759799932239       0.27966187002603443     
   8701.3099999999995       0.23092729942410095       0.27966123885307859     
  0.23092729942410095       0.27966123885307859     
   8701.3199999999997       0.23092700084887952       0.27966060768012269     
  0.23092700084887952       0.27966060768012269     
   8701.3299999999999       0.23092670227365808       0.27965997650716684     
  0.23092670227365808       0.27965997650716684     
   8701.3400000000001       0.23092640369843664       0.27965934533421094     
  0.23092640369843664       0.27965934533421094     
   8701.3500000000004       0.23092610512321521       0.27965871416125504     
  0.23092610512321521       0.27965871416125504     
   8701.3600000000006       0.23092580654799377       0.27965808298829919     
  0.23092580654799377       0.27965808298829919     
   8701.3699999999990       0.23092550797277056       0.27965745181534341     
  0.23092550797277056       0.27965745181534341     
   8701.3799999999992       0.23092520939754912       0.27965682064238756     
  0.23092520939754912       0.27965682064238756     
   8701.3899999999994       0.23092491082232769       0.27965618946943166     
  0.23092491082232769       0.27965618946943166     
   8701.3999999999996       0.23092461224710625       0.27965555829647581     
  0.23092461224710625       0.27965555829647581     
   8701.4099999999999       0.23092431367188482       0.27965492712351991     
  0.23092431367188482       0.27965492712351991     
   8701.4200000000001       0.23092401509666338       0.27965429595056407     
  0.23092401509666338       0.27965429595056407     
   8701.4300000000003       0.23092371652144195       0.27965366477760817     
  0.23092371652144195       0.27965366477760817     
   8701.4400000000005       0.23092341794622051       0.27965303360465232     
  0.23092341794622051       0.27965303360465232     
   8701.4499999999989       0.23092311937099907       0.27965240243169653     
  0.23092311937099907       0.27965240243169653     
   8701.4599999999991       0.23092282079577764       0.27965177125874069     
  0.23092282079577764       0.27965177125874069     
   8701.4699999999993       0.23092252222055620       0.27965114008578479     
  0.23092252222055620       0.27965114008578479     
   8701.4799999999996       0.23092222364533299       0.27965050891282894     
  0.23092222364533299       0.27965050891282894     
   8701.4899999999998       0.23092192507011156       0.27964987773987304     
  0.23092192507011156       0.27964987773987304     
   8701.5000000000000       0.23092162649489012       0.27964924656691714     
  0.23092162649489012       0.27964924656691714     
   8701.5100000000002       0.23092132791966868       0.27964861539396130     
  0.23092132791966868       0.27964861539396130     
   8701.5200000000004       0.23092102934444725       0.27964798422100540     
  0.23092102934444725       0.27964798422100540     
   8701.5300000000007       0.23092073076922581       0.27964735304804955     
  0.23092073076922581       0.27964735304804955     
   8701.5399999999991       0.23092043219400438       0.27964672187509376     
  0.23092043219400438       0.27964672187509376     
   8701.5499999999993       0.23092013361878294       0.27964609070213792     
  0.23092013361878294       0.27964609070213792     
   8701.5599999999995       0.23091983504356151       0.27964545952918202     
  0.23091983504356151       0.27964545952918202     
   8701.5699999999997       0.23091953646834007       0.27964482835622617     
  0.23091953646834007       0.27964482835622617     
   8701.5799999999999       0.23091923789311863       0.27964419718327027     
  0.23091923789311863       0.27964419718327027     
   8701.5900000000001       0.23091893931789542       0.27964356601031443     
  0.23091893931789542       0.27964356601031443     
   8701.6000000000004       0.23091864074267399       0.27964293483735853     
  0.23091864074267399       0.27964293483735853     
   8701.6100000000006       0.23091834216745255       0.27964230366440262     
  0.23091834216745255       0.27964230366440262     
   8701.6199999999990       0.23091804359223111       0.27964167249144689     
  0.23091804359223111       0.27964167249144689     
   8701.6299999999992       0.23091774501700968       0.27964104131849099     
  0.23091774501700968       0.27964104131849099     
   8701.6399999999994       0.23091744644178824       0.27964041014553515     
  0.23091744644178824       0.27964041014553515     
   8701.6499999999996       0.23091714786656681       0.27963977897257924     
  0.23091714786656681       0.27963977897257924     
   8701.6599999999999       0.23091684929134537       0.27963914779962340     
  0.23091684929134537       0.27963914779962340     
   8701.6700000000001       0.23091655071612394       0.27963851662666750     
  0.23091655071612394       0.27963851662666750     
   8701.6800000000003       0.23091625214090250       0.27963788545371165     
  0.23091625214090250       0.27963788545371165     
   8701.6900000000005       0.23091595356568106       0.27963725428075575     
  0.23091595356568106       0.27963725428075575     
   8701.6999999999989       0.23091565499045963       0.27963662310780002     
  0.23091565499045963       0.27963662310780002     
   8701.7099999999991       0.23091535641523642       0.27963599193484412     
  0.23091535641523642       0.27963599193484412     
   8701.7199999999993       0.23091505784001498       0.27963536076188827     
  0.23091505784001498       0.27963536076188827     
   8701.7299999999996       0.23091475926479355       0.27963472958893237     
  0.23091475926479355       0.27963472958893237     
   8701.7399999999998       0.23091446068957211       0.27963409841597647     
  0.23091446068957211       0.27963409841597647     
   8701.7500000000000       0.23091416211435067       0.27963346724302063     
  0.23091416211435067       0.27963346724302063     
   8701.7600000000002       0.23091386353912924       0.27963283607006473     
  0.23091386353912924       0.27963283607006473     
   8701.7700000000004       0.23091356496390780       0.27963220489710888     
  0.23091356496390780       0.27963220489710888     
   8701.7800000000007       0.23091326638868637       0.27963157372415298     
  0.23091326638868637       0.27963157372415298     
   8701.7899999999991       0.23091296781346493       0.27963094255119725     
  0.23091296781346493       0.27963094255119725     
   8701.7999999999993       0.23091266923824350       0.27963031137824135     
  0.23091266923824350       0.27963031137824135     
   8701.8099999999995       0.23091237066302206       0.27962968020528550     
  0.23091237066302206       0.27962968020528550     
   8701.8199999999997       0.23091207208779885       0.27962904903232960     
  0.23091207208779885       0.27962904903232960     
   8701.8299999999999       0.23091177351257741       0.27962841785937376     
  0.23091177351257741       0.27962841785937376     
   8701.8400000000001       0.23091147493735598       0.27962778668641786     
  0.23091147493735598       0.27962778668641786     
   8701.8500000000004       0.23091117636213454       0.27962715551346201     
  0.23091117636213454       0.27962715551346201     
   8701.8600000000006       0.23091087778691310       0.27962652434050611     
  0.23091087778691310       0.27962652434050611     
   8701.8699999999990       0.23091057921169167       0.27962589316755032     
  0.23091057921169167       0.27962589316755032     
   8701.8799999999992       0.23091028063647023       0.27962526199459448     
  0.23091028063647023       0.27962526199459448     
   8701.8899999999994       0.23090998206124880       0.27962463082163858     
  0.23090998206124880       0.27962463082163858     
   8701.8999999999996       0.23090968348602736       0.27962399964868273     
  0.23090968348602736       0.27962399964868273     
   8701.9099999999999       0.23090938491080593       0.27962336847572683     
  0.23090938491080593       0.27962336847572683     
   8701.9200000000001       0.23090908633558449       0.27962273730277099     
  0.23090908633558449       0.27962273730277099     
   8701.9300000000003       0.23090878776036128       0.27962210612981508     
  0.23090878776036128       0.27962210612981508     
   8701.9400000000005       0.23090848918513984       0.27962147495685924     
  0.23090848918513984       0.27962147495685924     
   8701.9499999999989       0.23090819060991841       0.27962084378390345     
  0.23090819060991841       0.27962084378390345     
   8701.9599999999991       0.23090789203469697       0.27962021261094760     
  0.23090789203469697       0.27962021261094760     
   8701.9699999999993       0.23090759345947554       0.27961958143799170     
  0.23090759345947554       0.27961958143799170     
   8701.9799999999996       0.23090729488425410       0.27961895026503586     
  0.23090729488425410       0.27961895026503586     
   8701.9899999999998       0.23090699630903266       0.27961831909207996     
  0.23090699630903266       0.27961831909207996     
   8702.0000000000000       0.23090669773381123       0.27961768791912406     
  0.23090669773381123       0.27961768791912406     
   8702.0100000000002       0.23090639915858979       0.27961705674616821     
  0.23090639915858979       0.27961705674616821     
   8702.0200000000004       0.23090610058336836       0.27961642557321231     
  0.23090610058336836       0.27961642557321231     
   8702.0300000000007       0.23090580200814692       0.27961579440025647     
  0.23090580200814692       0.27961579440025647     
   8702.0399999999991       0.23090550343292371       0.27961516322730068     
  0.23090550343292371       0.27961516322730068     
   8702.0499999999993       0.23090520485770227       0.27961453205434483     
  0.23090520485770227       0.27961453205434483     
   8702.0599999999995       0.23090490628248084       0.27961390088138893     
  0.23090490628248084       0.27961390088138893     
   8702.0699999999997       0.23090460770725940       0.27961326970843309     
  0.23090460770725940       0.27961326970843309     
   8702.0799999999999       0.23090430913203797       0.27961263853547719     
  0.23090430913203797       0.27961263853547719     
   8702.0900000000001       0.23090401055681653       0.27961200736252134     
  0.23090401055681653       0.27961200736252134     
   8702.1000000000004       0.23090371198159509       0.27961137618956544     
  0.23090371198159509       0.27961137618956544     
   8702.1100000000006       0.23090341340637366       0.27961074501660954     
  0.23090341340637366       0.27961074501660954     
   8702.1199999999990       0.23090311483115222       0.27961011384365381     
  0.23090311483115222       0.27961011384365381     
   8702.1299999999992       0.23090281625593079       0.27960948267069791     
  0.23090281625593079       0.27960948267069791     
   8702.1399999999994       0.23090251768070935       0.27960885149774206     
  0.23090251768070935       0.27960885149774206     
   8702.1499999999996       0.23090221910548792       0.27960822032478616     
  0.23090221910548792       0.27960822032478616     
   8702.1599999999999       0.23090192053026470       0.27960758915183032     
  0.23090192053026470       0.27960758915183032     
   8702.1700000000001       0.23090162195504327       0.27960695797887442     
  0.23090162195504327       0.27960695797887442     
   8702.1800000000003       0.23090132337982183       0.27960632680591857     
  0.23090132337982183       0.27960632680591857     
   8702.1900000000005       0.23090102480460040       0.27960569563296267     
  0.23090102480460040       0.27960569563296267     
   8702.1999999999989       0.23090072622937896       0.27960506446000694     
  0.23090072622937896       0.27960506446000694     
   8702.2099999999991       0.23090042765415753       0.27960443328705104     
  0.23090042765415753       0.27960443328705104     
   8702.2199999999993       0.23090012907893609       0.27960380211409519     
  0.23090012907893609       0.27960380211409519     
   8702.2299999999996       0.23089983050371465       0.27960317094113929     
  0.23089983050371465       0.27960317094113929     
   8702.2399999999998       0.23089953192849322       0.27960253976818339     
  0.23089953192849322       0.27960253976818339     
   8702.2500000000000       0.23089923335327178       0.27960190859522754     
  0.23089923335327178       0.27960190859522754     
   8702.2600000000002       0.23089893477805035       0.27960127742227164     
  0.23089893477805035       0.27960127742227164     
   8702.2700000000004       0.23089863620282713       0.27960064624931580     
  0.23089863620282713       0.27960064624931580     
   8702.2800000000007       0.23089833762760570       0.27960001507635990     
  0.23089833762760570       0.27960001507635990     
   8702.2899999999991       0.23089803905238426       0.27959938390340416     
  0.23089803905238426       0.27959938390340416     
   8702.2999999999993       0.23089774047716283       0.27959875273044826     
  0.23089774047716283       0.27959875273044826     
   8702.3099999999995       0.23089744190194139       0.27959812155749242     
  0.23089744190194139       0.27959812155749242     
   8702.3199999999997       0.23089714332671996       0.27959749038453652     
  0.23089714332671996       0.27959749038453652     
   8702.3299999999999       0.23089684475149852       0.27959685921158067     
  0.23089684475149852       0.27959685921158067     
   8702.3400000000001       0.23089654617627708       0.27959622803862477     
  0.23089654617627708       0.27959622803862477     
   8702.3500000000004       0.23089624760105565       0.27959559686566893     
  0.23089624760105565       0.27959559686566893     
   8702.3600000000006       0.23089594902583421       0.27959496569271303     
  0.23089594902583421       0.27959496569271303     
   8702.3699999999990       0.23089565045061278       0.27959433451975724     
  0.23089565045061278       0.27959433451975724     
   8702.3799999999992       0.23089535187538957       0.27959370334680139     
  0.23089535187538957       0.27959370334680139     
   8702.3899999999994       0.23089505330016813       0.27959307217384549     
  0.23089505330016813       0.27959307217384549     
   8702.3999999999996       0.23089475472494669       0.27959244100088965     
  0.23089475472494669       0.27959244100088965     
   8702.4099999999999       0.23089445614972526       0.27959180982793375     
  0.23089445614972526       0.27959180982793375     
   8702.4200000000001       0.23089415757450382       0.27959117865497790     
  0.23089415757450382       0.27959117865497790     
   8702.4300000000003       0.23089385899928239       0.27959054748202200     
  0.23089385899928239       0.27959054748202200     
   8702.4400000000005       0.23089356042406095       0.27958991630906616     
  0.23089356042406095       0.27958991630906616     
   8702.4499999999989       0.23089326184883951       0.27958928513611037     
  0.23089326184883951       0.27958928513611037     
   8702.4599999999991       0.23089296327361808       0.27958865396315452     
  0.23089296327361808       0.27958865396315452     
   8702.4699999999993       0.23089266469839664       0.27958802279019862     
  0.23089266469839664       0.27958802279019862     
   8702.4799999999996       0.23089236612317521       0.27958739161724278     
  0.23089236612317521       0.27958739161724278     
   8702.4899999999998       0.23089206754795200       0.27958676044428687     
  0.23089206754795200       0.27958676044428687     
   8702.5000000000000       0.23089176897273056       0.27958612927133097     
  0.23089176897273056       0.27958612927133097     
   8702.5100000000002       0.23089147039750912       0.27958549809837513     
  0.23089147039750912       0.27958549809837513     
   8702.5200000000004       0.23089117182228769       0.27958486692541923     
  0.23089117182228769       0.27958486692541923     
   8702.5300000000007       0.23089087324706625       0.27958423575246338     
  0.23089087324706625       0.27958423575246338     
   8702.5399999999991       0.23089057467184482       0.27958360457950759     
  0.23089057467184482       0.27958360457950759     
   8702.5499999999993       0.23089027609662338       0.27958297340655175     
  0.23089027609662338       0.27958297340655175     
   8702.5599999999995       0.23088997752140195       0.27958234223359585     
  0.23088997752140195       0.27958234223359585     
   8702.5699999999997       0.23088967894618051       0.27958171106064000     
  0.23088967894618051       0.27958171106064000     
   8702.5799999999999       0.23088938037095907       0.27958107988768410     
  0.23088938037095907       0.27958107988768410     
   8702.5900000000001       0.23088908179573764       0.27958044871472826     
  0.23088908179573764       0.27958044871472826     
   8702.6000000000004       0.23088878322051443       0.27957981754177236     
  0.23088878322051443       0.27957981754177236     
   8702.6100000000006       0.23088848464529299       0.27957918636881646     
  0.23088848464529299       0.27957918636881646     
   8702.6199999999990       0.23088818607007155       0.27957855519586072     
  0.23088818607007155       0.27957855519586072     
   8702.6299999999992       0.23088788749485012       0.27957792402290482     
  0.23088788749485012       0.27957792402290482     
   8702.6399999999994       0.23088758891962868       0.27957729284994898     
  0.23088758891962868       0.27957729284994898     
   8702.6499999999996       0.23088729034440725       0.27957666167699308     
  0.23088729034440725       0.27957666167699308     
   8702.6599999999999       0.23088699176918581       0.27957603050403723     
  0.23088699176918581       0.27957603050403723     
   8702.6700000000001       0.23088669319396438       0.27957539933108133     
  0.23088669319396438       0.27957539933108133     
   8702.6800000000003       0.23088639461874294       0.27957476815812549     
  0.23088639461874294       0.27957476815812549     
   8702.6900000000005       0.23088609604352150       0.27957413698516959     
  0.23088609604352150       0.27957413698516959     
   8702.6999999999989       0.23088579746830007       0.27957350581221385     
  0.23088579746830007       0.27957350581221385     
   8702.7099999999991       0.23088549889307863       0.27957287463925795     
  0.23088549889307863       0.27957287463925795     
   8702.7199999999993       0.23088520031785542       0.27957224346630211     
  0.23088520031785542       0.27957224346630211     
   8702.7299999999996       0.23088490174263399       0.27957161229334621     
  0.23088490174263399       0.27957161229334621     
   8702.7399999999998       0.23088460316741255       0.27957098112039031     
  0.23088460316741255       0.27957098112039031     
   8702.7500000000000       0.23088430459219111       0.27957034994743446     
  0.23088430459219111       0.27957034994743446     
   8702.7600000000002       0.23088400601696968       0.27956971877447856     
  0.23088400601696968       0.27956971877447856     
   8702.7700000000004       0.23088370744174824       0.27956908760152271     
  0.23088370744174824       0.27956908760152271     
   8702.7800000000007       0.23088340886652681       0.27956845642856681     
  0.23088340886652681       0.27956845642856681     
   8702.7899999999991       0.23088311029130537       0.27956782525561108     
  0.23088311029130537       0.27956782525561108     
   8702.7999999999993       0.23088281171608394       0.27956719408265518     
  0.23088281171608394       0.27956719408265518     
   8702.8099999999995       0.23088251314086250       0.27956656290969933     
  0.23088251314086250       0.27956656290969933     
   8702.8199999999997       0.23088221456564106       0.27956593173674343     
  0.23088221456564106       0.27956593173674343     
   8702.8299999999999       0.23088191599041785       0.27956530056378759     
  0.23088191599041785       0.27956530056378759     
   8702.8400000000001       0.23088161741519642       0.27956466939083169     
  0.23088161741519642       0.27956466939083169     
   8702.8500000000004       0.23088131883997498       0.27956403821787584     
  0.23088131883997498       0.27956403821787584     
   8702.8600000000006       0.23088102026475354       0.27956340704491994     
  0.23088102026475354       0.27956340704491994     
   8702.8699999999990       0.23088072168953211       0.27956277587196421     
  0.23088072168953211       0.27956277587196421     
   8702.8799999999992       0.23088042311431067       0.27956214469900831     
  0.23088042311431067       0.27956214469900831     
   8702.8899999999994       0.23088012453908924       0.27956151352605241     
  0.23088012453908924       0.27956151352605241     
   8702.8999999999996       0.23087982596386780       0.27956088235309656     
  0.23087982596386780       0.27956088235309656     
   8702.9099999999999       0.23087952738864637       0.27956025118014066     
  0.23087952738864637       0.27956025118014066     
   8702.9200000000001       0.23087922881342493       0.27955962000718482     
  0.23087922881342493       0.27955962000718482     
   8702.9300000000003       0.23087893023820349       0.27955898883422892     
  0.23087893023820349       0.27955898883422892     
   8702.9400000000005       0.23087863166298028       0.27955835766127307     
  0.23087863166298028       0.27955835766127307     
   8702.9499999999989       0.23087833308775885       0.27955772648831728     
  0.23087833308775885       0.27955772648831728     
   8702.9599999999991       0.23087803451253741       0.27955709531536144     
  0.23087803451253741       0.27955709531536144     
   8702.9699999999993       0.23087773593731598       0.27955646414240554     
  0.23087773593731598       0.27955646414240554     
   8702.9799999999996       0.23087743736209454       0.27955583296944969     
  0.23087743736209454       0.27955583296944969     
   8702.9899999999998       0.23087713878687310       0.27955520179649379     
  0.23087713878687310       0.27955520179649379     
   8703.0000000000000       0.23087684021165167       0.27955457062353789     
  0.23087684021165167       0.27955457062353789     
   8703.0100000000002       0.23087654163643023       0.27955393945058205     
  0.23087654163643023       0.27955393945058205     
